0.020075
0.11430900000000001
0.286638
0.10529999999999995
0.290791
0.10724200000000006
0.10688399999999998
0.28903900000000005
0.10215899999999989
0.10529500000000014
0.289029
0.10406199999999988
0.10423900000000019
0.2945789999999997
0.12814300000000012
0.2666569999999999
0.10652300000000015
0.10150099999999984
0.10091500000000009
0.10417699999999996
0.2887789999999999
0.10368200000000005
0.10025200000000023
0.10543300000000011
0.28913600000000006
0.10579999999999945
0.09797300000000053
0.10274699999999992
0.10443599999999975
0.2901449999999999
0.10378500000000024
0.10484500000000008
0.29116300000000006
0.10341500000000003
0.10185399999999944
0.0990650000000004
0.10036600000000018
0.11005399999999987
0.2894819999999996
0.10156100000000023
0.1025879999999999
0.290864
0.10472600000000032
0.09969200000000011
0.1043459999999996
0.2921680000000002
0.10642599999999991
0.10078799999999966
0.29120100000000004
0.1023550000000002
0.09996200000000055
0.0986009999999995
0.1068150000000001
0.10808699999999938
0.28697200000000045
0.10461600000000004
0.2942400000000003
0.1131429999999991
0.28642500000000126
0.10627699999999862
0.10436200000000007
0.28991400000000134
0.09835999999999956
0.10530600000000057
0.10316699999999912
0.2894439999999996
0.10276900000000033
0.10038199999999975
0.10015899999999966
0.11031300000000144
0.29080499999999887
0.10420000000000051
0.09725300000000026
0.09596900000000019
0.09883799999999887
0.10252300000000147
0.09677499999999917
0.10132199999999969
0.10085300000000075
0.10174199999999978
0.09801399999999916
0.10061700000000151
0.09885199999999905
0.1036760000000001
0.09869600000000034
0.10490500000000047
0.09974399999999939
0.09709299999999921
0.10271100000000111
0.10175499999999893
0.2992260000000009
0.09634499999999946
0.10454400000000064
0.2956599999999998
0.0977320000000006
0.10182199999999852
0.10602200000000117
0.2897160000000003
0.10301699999999947
0.10866199999999893
0.2915559999999999
0.10391100000000009
0.10299200000000042
0.28884299999999996
0.10307500000000047
0.10058399999999956
0.10433100000000017
0.10371400000000008
0.2905310000000014
0.10210299999999961
0.10155299999999912
0.10593899999999934
0.292625000000001
0.10350700000000046
0.09934200000000004
0.11528799999999961
0.28269399999999933
0.10319000000000145
0.10224099999999936
0.29299299999999917
0.10314599999999885
0.09956900000000246
0.10569899999999777
0.29273099999999985
0.10588900000000123
0.29605000000000103
0.10535999999999746
0.2894820000000031
0.11651599999999718
0.2878020000000028
0.09563399999999689
0.10400200000000126
0.10381699999999938
0.2903330000000004
0.10744800000000154
0.10114799999999846
0.292860000000001
0.10830800000000096
0.2907859999999971
0.10627500000000012
0.1048390000000019
0.29201699999999775
0.10310900000000345
0.10533799999999971
0.2898549999999993
0.1027579999999979
0.10773900000000225
0.30716899999999825
0.2794860000000021
0.10436599999999885
0.10422300000000106
0.107764999999997
0.28738400000000297
0.10458999999999818
0.10383200000000059
0.2885990000000014
0.10373399999999933
0.10597299999999876
0.28946300000000136
0.11892500000000084
0.28251599999999755
0.10477399999999903
0.09762100000000018
0.10418000000000305
0.09958899999999815
0.1134270000000015
0.2839269999999985
0.100244
0.09910400000000053
0.1004170000000002
0.10429099999999991
0.2953890000000001
0.0990959999999994
0.11167800000000128
0.2958180000000006
0.2895789999999998
0.11733199999999755
0.2854650000000021
0.119609999999998
0.27794899999999956
0.10270900000000083
0.10462500000000219
0.2897210000000001
0.11178099999999702
0.298292
0.29141300000000214
0.10234200000000016
0.10227899999999934
0.10257199999999855
0.1019590000000008
0.2919149999999995
0.10486099999999965
0.10321500000000228
0.29245500000000035
0.09959699999999927
0.1046750000000003
0.09764299999999793
0.11114900000000105
0.2896239999999999
0.10177200000000042
0.10477500000000006
0.2912689999999998
