0.031308
0.0827
0.08566199999999999
0.09844900000000004
0.10356499999999996
0.10413100000000003
0.09884300000000001
0.095557
0.10132299999999994
0.09934399999999999
0.0994870000000001
0.10388799999999998
0.09094500000000005
0.10446199999999983
0.10176800000000008
0.10055499999999995
0.10138000000000003
0.10139500000000012
0.09771799999999997
0.10145999999999988
0.09948200000000007
0.1017570000000001
0.09677399999999992
0.10201899999999986
0.09436500000000025
0.10504199999999964
0.10418300000000036
0.09139900000000001
0.10012299999999996
0.10106499999999974
0.1017870000000003
0.10188099999999967
0.09706700000000001
0.10001300000000013
0.0985879999999999
0.10281699999999994
0.09710600000000014
0.1007579999999999
0.09972899999999996
0.10022600000000015
0.10019599999999995
0.10064700000000038
0.09871099999999977
0.10103300000000015
0.09956699999999952
0.10047899999999998
0.10299100000000028
0.09663299999999975
0.0958060000000005
0.10419499999999982
0.0982839999999996
0.10150199999999998
0.09902300000000075
0.10200799999999965
0.09772599999999976
0.10141299999999998
0.1007630000000006
0.09827999999999992
0.0980080000000001
0.10179999999999989
0.09581600000000012
0.10663799999999934
0.09751200000000004
0.10068400000000022
0.1034670000000002
0.09611699999999956
0.10379700000000014
0.09879900000000053
0.09650899999999929
0.09962400000000038
0.10104000000000024
0.10235899999999987
0.0937380000000001
0.10476499999999955
0.09795900000000035
0.10296799999999973
0.1023670000000001
0.09532000000000007
0.1002970000000003
0.10220099999999999
0.09938599999999909
0.10070500000000138
0.0992879999999996
0.10031000000000034
0.09529699999999863
0.10107400000000055
0.10320199999999957
0.09940899999999964
0.10025800000000018
0.09736200000000039
0.09946000000000055
0.1070499999999992
0.09487600000000107
0.0991869999999988
0.10254100000000044
0.09762800000000027
0.10083999999999982
0.09790000000000099
0.10067699999999924
0.1021870000000007
0.09839399999999898
0.10227200000000103
0.09618499999999841
0.10375699999999988
0.10058400000000134
0.09815799999999975
0.10446499999999936
0.09382100000000015
0.09740599999999944
0.10362400000000171
0.09840899999999841
0.1007750000000005
0.09833300000000023
0.10196200000000033
0.10278399999999976
0.09778400000000076
0.10160599999999853
0.09712999999999994
0.10040700000000058
0.10013700000000014
0.09726399999999913
0.10731400000000058
0.09696899999999964
0.09857799999999983
0.09978400000000143
0.10083799999999954
0.1006689999999999
0.09919000000000011
0.10176099999999977
0.09736499999999992
0.10298599999999958
0.09937700000000049
0.09256199999999914
0.10393600000000092
0.10052800000000062
0.10157099999999986
0.10489399999999982
0.10136799999999901
0.09381300000000081
0.09935600000000022
0.09797499999999992
0.10088000000000008
0.09908099999999997
0.09968600000000016
0.0967880000000001
0.10513499999999887
0.10341500000000003
0.09931100000000015
0.10013100000000108
0.09877999999999965
0.0983319999999992
0.10244100000000067
0.10668399999999956
0.09950199999999931
0.0948000000000011
0.09646899999999903
0.10029300000000063
0.09907100000000035
0.10040000000000049
0.10051899999999847
0.09843800000000158
0.10163299999999964
0.09766099999999867
0.11859600000000015
0.09581599999999924
0.09991700000000137
0.10250600000000176
0.09659999999999869
0.09583899999999801
0.10453299999999999
0.09107900000000058
0.11074800000000096
0.09793799999999919
0.10308799999999962
0.09089000000000169
0.10020499999999899
0.10343200000000152
0.09806499999999829
0.09555800000000048
0.10136200000000173
0.09348199999999807
0.1072330000000008
0.09797199999999862
0.09917700000000096
0.10077899999999929
0.09997300000000209
0.10666299999999751
0.09828200000000109
0.09857600000000133
0.10020199999999946
0.09802600000000083
0.10198999999999714
0.09203700000000126
0.10743800000000192
0.0992449999999998
0.0996089999999974
0.10995300000000086
0.09351699999999852
0.09842100000000187
0.11024499999999904
0.09181600000000145
0.09817699999999974
0.09930800000000062
0.09851300000000052
0.09403099999999753
0.10637600000000091
0.10123000000000104
0.09699099999999916
0.10104199999999963
0.09867900000000063
0.10246300000000019
0.0994729999999997
0.10224900000000048
0.09749199999999902
0.09972099999999884
0.10224700000000198
0.09951399999999921
0.10423000000000116
0.09051099999999934
0.10033999999999921
0.10178300000000107
0.1034809999999986
0.10057300000000069
0.09684899999999885
0.09969300000000203
0.10126199999999841
0.09996200000000144
0.09797199999999862
0.09479999999999933
0.10680400000000034
0.097526000000002
0.10461099999999846
0.09760200000000196
0.10006800000000027
0.09791099999999986
0.09971299999999772
0.10465300000000255
0.09787699999999688
0.0971340000000005
0.09974100000000163
0.09560099999999849
0.10654300000000205
0.09766799999999876
0.10244600000000048
0.10152000000000072
0.09734599999999816
0.1045410000000011
0.09829200000000071
0.09710499999999911
0.10210100000000111
0.09909899999999894
0.09990099999999913
0.09335100000000196
0.10695499999999925
0.09873699999999985
0.09816700000000012
0.106541
0.09658100000000047
0.09916799999999881
0.09863500000000158
0.09909799999999791
0.10412799999999933
0.09873900000000191
0.09800500000000056
0.09480299999999886
0.10709699999999955
0.1001189999999994
0.09916899999999984
0.09740200000000243
0.10182399999999703
0.09604800000000324
0.10150699999999802
0.09738499999999917
0.09980499999999992
0.10035700000000247
0.10113799999999884
0.09702300000000008
0.10243699999999833
0.10004800000000103
0.10192699999999988
0.099378999999999
0.10173600000000249
0.09672899999999984
0.09975700000000032
0.09892799999999724
0.10087100000000149
0.10174500000000108
0.09773900000000069
0.09621699999999933
0.10318699999999836
0.09961600000000104
0.10227000000000075
0.09854199999999835
0.10010300000000072
0.09923399999999916
0.10125599999999935
0.101935000000001
0.09771900000000144
0.1006709999999984
0.0997009999999996
0.09517500000000112
0.10731900000000039
0.09822699999999784
0.09808600000000212
0.10034100000000024
0.10070100000000082
0.10225599999999702
0.09630399999999995
0.1002090000000031
0.10054999999999836
0.09900899999999879
0.10361300000000284
0.09266899999999723
0.10420799999999986
0.09974200000000266
0.10105300000000028
0.10248099999999738
0.09662100000000251
0.10040899999999908
0.1011749999999978
0.09892500000000126
0.10161399999999787
0.1007980000000046
0.09886799999999596
0.09299400000000446
0.10793499999999767
0.10168199999999672
0.09668600000000538
0.09901999999999589
0.09930599999999856
