[63, 66, 268]
[63, 66, 258]
[63, 66, 245]
[63, 66, 240]
[63, 66, 240]
[63, 66, 240]
[63, 66, 238]
[63, 66, 230]
[63, 66, 227]
[63, 66, 224]
[63, 66, 224]
[63, 66, 221]
[63, 66, 217]
[63, 66, 213]
[63, 66, 207]
[63, 66, 208]
[63, 66, 208]
[63, 66, 205]
[63, 66, 201]
[63, 66, 197]
[63, 66, 197]
[63, 66, 198]
[63, 66, 197]
[63, 66, 193]
[63, 66, 189]
[63, 66, 188]
[63, 66, 189]
[63, 66, 190]
[63, 66, 185]
[63, 66, 183]
[63, 66, 180]
[63, 66, 181]
[63, 66, 182]
[63, 66, 180]
[63, 66, 174]
[63, 66, 173]
[63, 66, 172]
[63, 66, 174]
[63, 66, 174]
[63, 66, 169]
[63, 66, 168]
[63, 66, 166]
[63, 66, 168]
[63, 66, 168]
[63, 66, 166]
[63, 66, 161]
[63, 66, 160]
[63, 66, 161]
[63, 66, 161]
[63, 66, 158]
[63, 66, 155]
[63, 66, 154]
[63, 66, 156]
[63, 66, 156]
[63, 66, 153]
[63, 66, 151]
[63, 66, 150]
[63, 66, 152]
[63, 66, 152]
[63, 66, 152]
[63, 66, 148]
[63, 66, 148]
[63, 66, 148]
[63, 66, 150]
[63, 66, 150]
[63, 66, 145]
[63, 66, 145]
[63, 66, 146]
[63, 66, 147]
[63, 66, 146]
[63, 66, 143]
[63, 66, 142]
[63, 66, 143]
[63, 66, 144]
[63, 66, 142]
[63, 66, 138]
[63, 66, 138]
[63, 66, 139]
[63, 66, 140]
[63, 66, 138]
[63, 66, 135]
[63, 66, 133]
[63, 66, 134]
[63, 66, 134]
[63, 66, 131]
[63, 66, 129]
[63, 66, 128]
[63, 66, 128]
[63, 66, 129]
[63, 66, 130]
[63, 66, 127]
[63, 66, 125]
[63, 66, 124]
[63, 66, 124]
[63, 66, 126]
[63, 66, 126]
[63, 66, 121]
[63, 66, 121]
[63, 66, 121]
[63, 66, 122]
[63, 66, 122]
[63, 66, 118]
[63, 66, 116]
[63, 66, 116]
[63, 66, 117]
[63, 66, 118]
[63, 66, 118]
[63, 66, 113]
[63, 66, 111]
[63, 66, 113]
[63, 66, 113]
[63, 66, 113]
[63, 66, 108]
[63, 66, 108]
[63, 66, 109]
[63, 66, 107]
[63, 66, 104]
[63, 66, 104]
[63, 66, 104]
[63, 66, 102]
[63, 66, 100]
[63, 66, 102]
[63, 66, 102]
[63, 66, 100]
[63, 66, 100]
[63, 66, 100]
[63, 66, 99]
[63, 66, 99]
[63, 66, 97]
[63, 66, 98]
[63, 66, 96]
[63, 66, 98]
[63, 66, 98]
[63, 66, 97]
[63, 66, 98]
[63, 66, 96]
[63, 66, 97]
[63, 66, 97]
[63, 66, 97]
[63, 66, 97]
[63, 66, 97]
[63, 66, 97]
[63, 66, 97]
[63, 66, 97]
[63, 66, 97]
[63, 66, 97]
[63, 66, 97]
[63, 66, 97]
[63, 66, 97]
[63, 66, 97]
[63, 66, 97]
[63, 66, 98]
[63, 66, 98]
[63, 66, 93]
[63, 66, 97]
[63, 66, 99]
[63, 66, 99]
[63, 66, 94]
[63, 66, 95]
[63, 66, 99]
[63, 66, 97]
[63, 66, 92]
[63, 66, 96]
[63, 66, 99]
[63, 66, 101]
[63, 66, 96]
[63, 66, 93]
[63, 66, 96]
[63, 66, 98]
[63, 66, 100]
[63, 66, 95]
[63, 66, 93]
[63, 66, 95]
[63, 66, 100]
[63, 66, 95]
[63, 66, 96]
[63, 66, 98]
[63, 66, 100]
[63, 66, 96]
[63, 66, 94]
[63, 66, 96]
[63, 66, 100]
[63, 66, 95]
[63, 66, 93]
[63, 66, 97]
[63, 66, 100]
[63, 66, 100]
[63, 66, 97]
[63, 66, 95]
[47, 200, 95]
[47, 200, 101]
[47, 200, 113]
[47, 200, 117]
[47, 200, 120]
[47, 200, 119]
[47, 200, 120]
[47, 200, 126]
[47, 200, 129]
[47, 200, 132]
[47, 200, 131]
[47, 200, 131]
[47, 200, 136]
[47, 200, 138]
[47, 200, 142]
[47, 200, 142]
[47, 200, 141]
[47, 200, 143]
[47, 200, 146]
[47, 200, 150]
[47, 200, 151]
[47, 200, 151]
[47, 200, 150]
[47, 200, 153]
[47, 200, 156]
[47, 200, 158]
[47, 200, 161]
[47, 200, 161]
[47, 200, 160]
[47, 200, 163]
[47, 200, 166]
[47, 200, 170]
[47, 200, 169]
[47, 200, 168]
[47, 200, 172]
[47, 200, 175]
[47, 200, 175]
[47, 200, 175]
[47, 200, 177]
[47, 200, 177]
[47, 200, 177]
[47, 200, 178]
[47, 200, 177]
[47, 200, 177]
[47, 200, 178]
[47, 200, 178]
[47, 200, 178]
[47, 200, 178]
[47, 200, 178]
[47, 200, 178]
[47, 200, 178]
[47, 200, 178]
[47, 200, 178]
[47, 200, 178]
[47, 200, 178]
[56, 200, 179]
[56, 200, 179]
[56, 200, 179]
[56, 200, 179]
[56, 200, 179]
[56, 200, 179]
[56, 200, 179]
[62, 200, 180]
[62, 200, 179]
[62, 200, 179]
[62, 200, 180]
[62, 200, 180]
[62, 200, 180]
[62, 200, 180]
[62, 200, 180]
[66, 200, 180]
[66, 200, 180]
[66, 200, 180]
[66, 200, 180]
[66, 200, 180]
[66, 200, 180]
[68, 200, 180]
[68, 200, 180]
[68, 200, 180]
[68, 200, 180]
[68, 200, 180]
[68, 200, 180]
[68, 200, 180]
[70, 200, 181]
[70, 200, 181]
[70, 200, 181]
[70, 200, 181]
[70, 200, 181]
[70, 200, 181]
[70, 200, 181]
[72, 200, 181]
[72, 200, 181]
[72, 200, 181]
[72, 200, 181]
[72, 200, 181]
[72, 200, 181]
[76, 200, 182]
[76, 200, 182]
[76, 200, 182]
[76, 200, 182]
[76, 200, 182]
[76, 200, 182]
[78, 200, 183]
[78, 200, 183]
[78, 200, 183]
[78, 200, 183]
[78, 200, 183]
[78, 200, 183]
[78, 200, 183]
[78, 200, 183]
[78, 200, 183]
[118, 200, 179]
[118, 200, 172]
[118, 200, 162]
[118, 200, 160]
[118, 200, 160]
[118, 200, 156]
[118, 200, 153]
[118, 200, 151]
[118, 200, 147]
[118, 200, 148]
[118, 200, 144]
[118, 200, 138]
[118, 200, 136]
[118, 200, 137]
[118, 200, 137]
[118, 200, 132]
[118, 200, 126]
[118, 200, 123]
[118, 200, 122]
[118, 200, 124]
[118, 200, 122]
[118, 200, 115]
[118, 200, 111]
[118, 200, 108]
[118, 200, 108]
[118, 200, 108]
[118, 200, 107]
[118, 200, 99]
[118, 200, 95]
[118, 200, 96]
[118, 200, 96]
[118, 200, 93]
[118, 200, 94]
[118, 200, 94]
[118, 200, 92]
[118, 200, 92]
[118, 200, 92]
[118, 200, 92]
[118, 200, 92]
[118, 200, 92]
[118, 200, 92]
[118, 200, 92]
[118, 200, 92]
[118, 200, 92]
[118, 200, 93]
[118, 205, 91]
[118, 205, 91]
[118, 205, 91]
[118, 205, 91]
[118, 205, 91]
[118, 205, 91]
[118, 205, 91]
[118, 205, 91]
[118, 205, 91]
[118, 189, 91]
[118, 189, 88]
[118, 189, 82]
[118, 189, 70]
[118, 189, 67]
[118, 189, 67]
[118, 189, 68]
[118, 189, 65]
[118, 189, 59]
[118, 189, 57]
[118, 189, 57]
[118, 189, 58]
[118, 189, 58]
[118, 189, 51]
[118, 189, 51]
[118, 189, 52]
[118, 189, 52]
[118, 189, 48]
[118, 189, 49]
[118, 189, 49]
[118, 189, 46]
[118, 189, 47]
[118, 189, 47]
[118, 189, 47]
[118, 189, 47]
[118, 189, 47]
[118, 189, 44]
[118, 189, 45]
[118, 189, 45]
[118, 189, 42]
[118, 189, 43]
[118, 189, 43]
[118, 189, 43]
[118, 189, 43]
[118, 189, 40]
[118, 189, 41]
[118, 189, 41]
[118, 189, 41]
[118, 189, 41]
[118, 189, 41]
[118, 189, 41]
[118, 189, 41]
[118, 189, 41]
[118, 189, 41]
[118, 189, 41]
[118, 189, 41]
[118, 189, 41]
[118, 189, 41]
[118, 189, 41]
[118, 189, 41]
[118, 189, 41]
[118, 189, 41]
[118, 189, 41]
[118, 189, 40]
[118, 189, 41]
[118, 189, 41]
[118, 189, 40]
[118, 189, 40]
[118, 189, 39]
[118, 189, 40]
[118, 189, 40]
[118, 189, 39]
[118, 189, 40]
[118, 189, 38]
[118, 189, 39]
[118, 189, 39]
[118, 189, 38]
[118, 189, 39]
[118, 189, 37]
[118, 189, 38]
[118, 189, 38]
[118, 189, 37]
[118, 189, 38]
[118, 189, 38]
[118, 189, 38]
[118, 189, 38]
[118, 189, 37]
[118, 189, 40]
[139, 206, 42]
[139, 206, 37]
[139, 206, 37]
[139, 206, 37]
[139, 206, 37]
[139, 206, 37]
[139, 206, 37]
[154, 217, 37]
[154, 217, 37]
[154, 217, 37]
[154, 217, 34]
[154, 217, 34]
[156, 218, 34]
[156, 218, 35]
[156, 218, 35]
[156, 218, 35]
[156, 218, 32]
[156, 218, 32]
[158, 219, 33]
[158, 219, 33]
[158, 219, 33]
[160, 220, 32]
[160, 220, 32]
[160, 220, 32]
[162, 221, 32]
[162, 221, 32]
[162, 221, 31]
[164, 222, 32]
[164, 222, 32]
[164, 222, 32]
[164, 222, 32]
[164, 222, 32]
[168, 225, 32]
[168, 225, 31]
[168, 225, 31]
[168, 225, 31]
[168, 225, 31]
[168, 225, 31]
[168, 225, 31]
[168, 225, 31]
[168, 225, 31]
[168, 225, 31]
[168, 225, 31]
[168, 225, 31]
[168, 225, 31]
[168, 225, 31]
[168, 225, 40]
[168, 225, 45]
[168, 225, 53]
[168, 225, 52]
[168, 225, 55]
[168, 225, 62]
[168, 225, 66]
[168, 225, 65]
[168, 225, 65]
[168, 225, 69]
[168, 225, 75]
[168, 225, 78]
[168, 225, 80]
[168, 225, 79]
[168, 225, 79]
[168, 225, 82]
[168, 225, 86]
[168, 225, 88]
[168, 225, 91]
[168, 225, 91]
[168, 225, 92]
[168, 225, 95]
[168, 225, 102]
[168, 225, 105]
[168, 225, 106]
[168, 225, 106]
[168, 225, 107]
[168, 225, 114]
[168, 225, 116]
[168, 225, 118]
[168, 225, 117]
[168, 225, 117]
[168, 225, 122]
[168, 225, 124]
[168, 225, 126]
[168, 225, 125]
[168, 225, 125]
[168, 225, 127]
[168, 225, 129]
[168, 225, 133]
[168, 225, 136]
[168, 225, 134]
[168, 225, 134]
[168, 225, 140]
[168, 225, 142]
[168, 225, 144]
[168, 225, 146]
[168, 225, 145]
[168, 225, 148]
[168, 225, 151]
[168, 225, 154]
[168, 225, 159]
[168, 225, 158]
[168, 225, 158]
[168, 225, 161]
[168, 225, 163]
[168, 225, 168]
[168, 225, 169]
[168, 225, 168]
[168, 225, 168]
[168, 225, 171]
[168, 225, 176]
[168, 225, 178]
[168, 225, 178]
[168, 225, 177]
[168, 225, 178]
[168, 225, 183]
[168, 225, 183]
[168, 225, 182]
[168, 225, 184]
[168, 225, 187]
[168, 225, 186]
[168, 225, 188]
[168, 225, 189]
[168, 225, 188]
[168, 225, 190]
[168, 225, 189]
[168, 225, 189]
[168, 225, 190]
[168, 225, 189]
[168, 225, 190]
[168, 225, 190]
[168, 225, 190]
[168, 225, 190]
[168, 225, 190]
[168, 225, 190]
[168, 225, 190]
[168, 225, 190]
[168, 225, 190]
[168, 225, 190]
[168, 225, 190]
[168, 225, 190]
[168, 225, 190]
[168, 225, 190]
[168, 225, 190]
[168, 225, 190]
[168, 225, 189]
[168, 225, 188]
[168, 225, 192]
[168, 225, 193]
[168, 225, 188]
[168, 225, 186]
[168, 225, 189]
[168, 225, 191]
[168, 225, 191]
[168, 225, 188]
[168, 225, 188]
[168, 225, 192]
[168, 225, 191]
[168, 225, 188]
[168, 225, 188]
[168, 225, 193]
[168, 225, 191]
[168, 225, 185]
[168, 225, 187]
[168, 225, 191]
[101, 213, 194]
[101, 213, 191]
[101, 213, 181]
[101, 213, 182]
[101, 213, 182]
[101, 213, 182]
[101, 213, 182]
[101, 213, 182]
[101, 213, 182]
[101, 213, 182]
[101, 213, 182]
[101, 213, 182]
[103, 213, 182]
[103, 213, 184]
[103, 213, 184]
[103, 213, 184]
[103, 213, 184]
[103, 213, 184]
[103, 213, 184]
[106, 213, 184]
[106, 213, 184]
[106, 213, 184]
[106, 213, 184]
[106, 213, 184]
[106, 213, 184]
[106, 213, 184]
[106, 213, 184]
[106, 213, 184]
[106, 213, 184]
[100, 213, 184]
[100, 213, 173]
[100, 213, 169]
[100, 213, 165]
[100, 213, 166]
[100, 213, 166]
[100, 213, 163]
[100, 213, 161]
[100, 213, 160]
[100, 213, 159]
[100, 213, 160]
[100, 213, 160]
[100, 213, 157]
[100, 213, 154]
[100, 213, 152]
[100, 213, 150]
[100, 213, 152]
[100, 213, 152]
[100, 213, 152]
[100, 213, 146]
[100, 213, 145]
[100, 213, 145]
[100, 213, 146]
[100, 213, 146]
[100, 213, 142]
[100, 213, 141]
[100, 213, 140]
[100, 213, 141]
[100, 213, 142]
[100, 213, 141]
[100, 213, 137]
[100, 213, 134]
[100, 213, 134]
[100, 213, 135]
[100, 213, 136]
[100, 213, 134]
[100, 213, 130]
[100, 213, 128]
[100, 213, 127]
[100, 213, 125]
[100, 213, 126]
[100, 213, 126]
[100, 213, 120]
[100, 213, 117]
[100, 213, 114]
[100, 213, 111]
[100, 213, 112]
[100, 213, 112]
[100, 213, 105]
[100, 213, 102]
[100, 213, 100]
[100, 213, 100]
[100, 213, 98]
[100, 213, 95]
[100, 213, 96]
[100, 213, 96]
[100, 213, 94]
[100, 213, 93]
[100, 213, 94]
[100, 213, 92]
[100, 213, 93]
[100, 213, 93]
[100, 213, 91]
[100, 213, 93]
[100, 213, 92]
[100, 213, 92]
[100, 213, 92]
[100, 213, 92]
[100, 213, 92]
[100, 213, 92]
[100, 213, 92]
[100, 213, 92]
[100, 213, 92]
[100, 213, 92]
[100, 213, 92]
[100, 210, 94]
[100, 210, 94]
[100, 210, 94]
[100, 210, 94]
[100, 210, 94]
[100, 210, 94]
[100, 208, 94]
[100, 208, 94]
[100, 208, 94]
[100, 208, 94]
[100, 208, 94]
[100, 208, 94]
[100, 208, 94]
[100, 206, 94]
[100, 206, 94]
[100, 206, 94]
[100, 206, 94]
[100, 206, 94]
[100, 206, 94]
[100, 204, 94]
[100, 204, 94]
[100, 204, 94]
[100, 204, 94]
[100, 204, 94]
[100, 204, 94]
[100, 204, 94]
[100, 202, 94]
[100, 202, 94]
[100, 202, 94]
[100, 202, 94]
[100, 202, 94]
[100, 202, 94]
[100, 202, 94]
[100, 199, 94]
[100, 199, 94]
[100, 199, 94]
[100, 199, 94]
[100, 199, 94]
[100, 199, 94]
[100, 199, 94]
[100, 199, 94]
[100, 199, 94]
[100, 193, 94]
[100, 193, 97]
[100, 193, 103]
[100, 193, 107]
[100, 193, 112]
[100, 193, 112]
[100, 193, 111]
[100, 193, 117]
[100, 193, 119]
[100, 193, 120]
[100, 193, 119]
[100, 193, 118]
[100, 193, 122]
[100, 193, 124]
[100, 193, 125]
[100, 193, 126]
[100, 193, 125]
[100, 193, 125]
[100, 193, 129]
[100, 193, 131]
[100, 193, 132]
[100, 193, 132]
[100, 193, 132]
[100, 193, 136]
[100, 193, 138]
[100, 193, 139]
[100, 193, 138]
[100, 193, 138]
[100, 193, 141]
[100, 193, 144]
[100, 193, 143]
[100, 193, 144]
[100, 193, 147]
[100, 193, 146]
[100, 193, 145]
[100, 193, 148]
[100, 193, 147]
[100, 193, 148]
[100, 193, 147]
[100, 193, 148]
[100, 193, 148]
[100, 193, 147]
[100, 193, 148]
[100, 193, 148]
[100, 193, 148]
[100, 193, 148]
[100, 193, 148]
[100, 193, 148]
[100, 193, 147]
[100, 193, 148]
[100, 193, 152]
[100, 193, 150]
[100, 193, 144]
[100, 193, 146]
[100, 193, 150]
[100, 193, 149]
[100, 193, 145]
[100, 193, 146]
[100, 193, 151]
[66, 214, 152]
[66, 214, 152]
[66, 214, 152]
[66, 214, 152]
[66, 214, 152]
[66, 214, 152]
[66, 214, 152]
[66, 214, 152]
[66, 214, 152]
[66, 214, 152]
[66, 214, 152]
[66, 214, 152]
[66, 214, 152]
[66, 214, 152]
[66, 214, 152]
[66, 214, 152]
[66, 214, 153]
[66, 214, 152]
[66, 214, 148]
[66, 214, 150]
[66, 214, 155]
[66, 214, 156]
[66, 214, 153]
[66, 214, 149]
[102, 195, 151]
[102, 195, 160]
[102, 195, 163]
[102, 195, 165]
[102, 195, 165]
[102, 195, 164]
[102, 195, 167]
[102, 195, 169]
[102, 195, 170]
[102, 195, 170]
[102, 195, 170]
[102, 195, 174]
[102, 195, 174]
[102, 195, 173]
[102, 195, 176]
[102, 195, 177]
[102, 195, 176]
[102, 195, 178]
[102, 195, 177]
[102, 195, 177]
[102, 195, 178]
[102, 195, 178]
[102, 195, 178]
[102, 195, 178]
[102, 195, 178]
[102, 195, 178]
[102, 195, 178]
[102, 195, 178]
[102, 195, 178]
[93, 195, 178]
[93, 195, 178]
[93, 195, 173]
[93, 195, 159]
[93, 195, 152]
[93, 195, 154]
[93, 195, 154]
[93, 195, 150]
[93, 195, 144]
[93, 195, 141]
[93, 195, 140]
[93, 195, 141]
[93, 195, 141]
[93, 195, 133]
[93, 195, 130]
[93, 195, 128]
[93, 195, 127]
[93, 195, 128]
[93, 195, 123]
[93, 195, 120]
[93, 195, 118]
[93, 195, 117]
[93, 195, 118]
[93, 195, 118]
[93, 195, 112]
[93, 195, 110]
[93, 195, 105]
[93, 195, 105]
[93, 195, 106]
[93, 195, 103]
[93, 195, 99]
[93, 195, 96]
[93, 195, 97]
[93, 195, 94]
[93, 195, 92]
[93, 195, 94]
[93, 195, 91]
[93, 195, 92]
[93, 195, 92]
[93, 195, 92]
[93, 195, 92]
[93, 195, 92]
[93, 195, 92]
[93, 195, 92]
[93, 195, 92]
[93, 195, 92]
[93, 202, 89]
[93, 202, 86]
[93, 202, 84]
[93, 202, 81]
[93, 202, 82]
[93, 202, 83]
[93, 202, 83]
[93, 202, 76]
[93, 202, 73]
[93, 202, 71]
[93, 202, 70]
[93, 202, 72]
[93, 202, 68]
[93, 202, 64]
[93, 202, 58]
[93, 202, 56]
[93, 202, 57]
[93, 202, 52]
[93, 202, 48]
[93, 202, 49]
[93, 202, 49]
[93, 202, 46]
[93, 202, 48]
[93, 202, 47]
[93, 202, 46]
[93, 202, 47]
[93, 202, 47]
[93, 202, 47]
[93, 202, 47]
[93, 202, 47]
[93, 202, 45]
[93, 202, 45]
[93, 202, 45]
[93, 202, 43]
[93, 202, 43]
[93, 202, 43]
[93, 202, 41]
[93, 202, 41]
[93, 202, 41]
[93, 202, 38]
[93, 202, 39]
[93, 202, 39]
[93, 202, 36]
[93, 202, 37]
[93, 202, 34]
[93, 202, 35]
[93, 202, 35]
[93, 202, 32]
[93, 202, 33]
[93, 202, 33]
[93, 202, 30]
[93, 202, 32]
[93, 202, 32]
[93, 202, 30]
[93, 202, 30]
[93, 202, 27]
[93, 202, 28]
[93, 202, 28]
[93, 202, 25]
[93, 202, 26]
[93, 202, 26]
[93, 202, 23]
[93, 202, 25]
[93, 202, 24]
[93, 202, 21]
[93, 202, 23]
[93, 202, 21]
[93, 202, 20]
[93, 202, 20]
[93, 202, 18]
[93, 202, 19]
[93, 202, 17]
[93, 202, 16]
[93, 202, 17]
[93, 202, 16]
[93, 202, 16]
[93, 202, 16]
[93, 202, 13]
[93, 202, 14]
[93, 202, 12]
[93, 202, 12]
[93, 202, 12]
[93, 202, 10]
[93, 202, 11]
[93, 202, 8]
[93, 202, 9]
[93, 202, 9]
[93, 202, 6]
[93, 202, 8]
[93, 202, 4]
[93, 202, 5]
[93, 202, 6]
[93, 202, 3]
[93, 202, 4]
[93, 202, 0]
[93, 202, 1]
[93, 202, 2]
[93, 202, 359]
[93, 202, 0]
[93, 202, 0]
[93, 202, 358]
[93, 202, 358]
[93, 202, 356]
[93, 202, 357]
[93, 202, 357]
[93, 202, 354]
[93, 202, 355]
[93, 202, 352]
[93, 202, 353]
[93, 202, 352]
[93, 202, 351]
[93, 202, 351]
[93, 202, 350]
[93, 202, 349]
[93, 202, 349]
[93, 202, 348]
[93, 202, 348]
[93, 202, 346]
[93, 202, 344]
[93, 202, 345]
[93, 202, 343]
[93, 202, 343]
[93, 202, 343]
[93, 202, 343]
[93, 202, 343]
[93, 202, 343]
[93, 202, 343]
[93, 202, 343]
[93, 202, 343]
[93, 202, 343]
[93, 202, 343]
[93, 202, 343]
[93, 202, 343]
[93, 202, 343]
[93, 202, 343]
[93, 202, 343]
[93, 202, 343]
[93, 202, 343]
[93, 202, 342]
[93, 202, 343]
[93, 202, 341]
[93, 202, 342]
[93, 202, 342]
[93, 202, 342]
[93, 202, 341]
[93, 202, 341]
[93, 202, 341]
[93, 202, 340]
[93, 202, 341]
[93, 202, 340]
[93, 202, 340]
[93, 202, 339]
[93, 202, 340]
[93, 202, 340]
[93, 202, 339]
[93, 202, 339]
[93, 202, 339]
[93, 202, 338]
[93, 202, 339]
[93, 202, 338]
[93, 202, 338]
[93, 202, 339]
[93, 202, 338]
[93, 202, 338]
[93, 202, 338]
[93, 202, 337]
[93, 202, 338]
[93, 202, 336]
[93, 202, 337]
[93, 202, 337]
[93, 202, 336]
[93, 202, 337]
[93, 202, 335]
[93, 202, 336]
[93, 202, 336]
[93, 202, 335]
[93, 202, 336]
[93, 202, 334]
[93, 202, 335]
[93, 202, 335]
[93, 202, 334]
[93, 202, 335]
[93, 202, 335]
[93, 202, 333]
[93, 202, 335]
[93, 202, 334]
[93, 202, 334]
[93, 202, 334]
[93, 202, 333]
[93, 202, 334]
[93, 202, 335]
[93, 202, 332]
[93, 202, 330]
[110, 194, 335]
[110, 194, 337]
[110, 194, 336]
[110, 194, 335]
[110, 194, 334]
[110, 194, 335]
[110, 194, 333]
[110, 194, 333]
[110, 194, 334]
[110, 194, 333]
[110, 194, 333]
[110, 194, 332]
[110, 194, 332]
[110, 194, 333]
[110, 194, 331]
[110, 194, 332]
[110, 194, 330]
[110, 194, 332]
[110, 194, 331]
[110, 194, 331]
[110, 194, 331]
[110, 194, 331]
[110, 194, 330]
[110, 194, 330]
[110, 194, 329]
[110, 194, 330]
[110, 194, 330]
[110, 194, 330]
[110, 194, 330]
[112, 193, 330]
[112, 193, 330]
[112, 193, 330]
[112, 193, 328]
[112, 193, 328]
[112, 193, 329]
[112, 193, 327]
[112, 193, 328]
[114, 192, 328]
[114, 192, 329]
[114, 192, 329]
[114, 192, 327]
[114, 192, 327]
[114, 192, 327]
[116, 191, 328]
[116, 191, 328]
[116, 191, 327]
[116, 191, 326]
[116, 191, 327]
[118, 190, 327]
[118, 190, 328]
[118, 190, 326]
[118, 190, 326]
[118, 190, 326]
[118, 190, 326]
[118, 190, 326]
[122, 187, 326]
[122, 187, 326]
[122, 187, 326]
[122, 187, 326]
[122, 187, 326]
[122, 187, 326]
[122, 187, 326]
[122, 187, 326]
[122, 187, 326]
[122, 187, 326]
[122, 187, 326]
[122, 187, 326]
[122, 187, 326]
[122, 187, 323]
[122, 187, 314]
[122, 187, 313]
[122, 187, 313]
[122, 187, 313]
[122, 187, 313]
[122, 187, 307]
[122, 187, 304]
[122, 187, 303]
[122, 187, 305]
[122, 187, 301]
[122, 187, 299]
[122, 187, 297]
[122, 187, 298]
[122, 187, 298]
[122, 187, 298]
[122, 187, 292]
[122, 187, 290]
[122, 187, 291]
[122, 187, 292]
[122, 187, 291]
[122, 187, 288]
[122, 187, 285]
[122, 187, 284]
[122, 187, 285]
[122, 187, 286]
[122, 187, 285]
[122, 187, 279]
[122, 187, 277]
[122, 187, 278]
[122, 187, 278]
[122, 187, 276]
[122, 187, 271]
[122, 187, 269]
[122, 187, 268]
[122, 187, 269]
[122, 187, 269]
[122, 187, 264]
[122, 187, 262]
[122, 187, 262]
[122, 187, 262]
[122, 187, 263]
[122, 187, 259]
[122, 187, 256]
[122, 187, 254]
[122, 187, 251]
[122, 187, 252]
[122, 187, 252]
[122, 187, 246]
[122, 187, 242]
[122, 187, 242]
[122, 187, 243]
[122, 187, 243]
[122, 187, 239]
[122, 187, 235]
[122, 187, 234]
[122, 187, 234]
[122, 187, 235]
[122, 187, 230]
[122, 187, 228]
[122, 187, 225]
[122, 187, 225]
[122, 187, 226]
[122, 187, 225]
[122, 187, 219]
[122, 187, 215]
[122, 187, 214]
[122, 187, 215]
[122, 187, 210]
[122, 187, 207]
[122, 187, 205]
[122, 187, 204]
[122, 187, 204]
[122, 187, 199]
[122, 187, 197]
[122, 187, 196]
[122, 187, 197]
[122, 187, 197]
[122, 187, 191]
[122, 187, 191]
[122, 187, 191]
[122, 187, 192]
[122, 187, 192]
[122, 187, 189]
[122, 187, 186]
[122, 187, 186]
[122, 187, 187]
[122, 187, 186]
[122, 187, 183]
[122, 187, 182]
[122, 187, 183]
[122, 187, 183]
[122, 187, 179]
[122, 187, 178]
[122, 187, 179]
[122, 187, 177]
[122, 187, 173]
[122, 187, 175]
[122, 187, 175]
[122, 187, 173]
[122, 187, 174]
[122, 187, 174]
[122, 187, 173]
[122, 187, 173]
[122, 187, 171]
[122, 187, 172]
[122, 187, 171]
[122, 187, 172]
[122, 187, 172]
[122, 187, 172]
[122, 187, 172]
[122, 187, 171]
[122, 187, 172]
[122, 187, 171]
[122, 187, 172]
[122, 187, 172]
[122, 187, 171]
[122, 187, 172]
[122, 187, 170]
[122, 187, 172]
[122, 187, 172]
[122, 187, 171]
[122, 187, 171]
[122, 187, 171]
[122, 187, 171]
[122, 187, 171]
[122, 187, 171]
[122, 187, 171]
[122, 187, 171]
[122, 187, 171]
[122, 187, 171]
[122, 187, 171]
[122, 187, 171]
[122, 187, 171]
[122, 187, 171]
[122, 187, 171]
[122, 187, 170]
[122, 187, 167]
[122, 187, 171]
[122, 187, 174]
[100, 191, 172]
[100, 191, 169]
[100, 191, 175]
[100, 191, 176]
[100, 191, 176]
[100, 191, 177]
[100, 191, 177]
[100, 191, 178]
[100, 191, 177]
[100, 191, 179]
[100, 191, 178]
[100, 191, 178]
[100, 191, 178]
[100, 191, 178]
[100, 191, 178]
[100, 191, 178]
[100, 191, 178]
[100, 191, 178]
[100, 191, 178]
[103, 191, 178]
[103, 191, 178]
[103, 191, 178]
[103, 191, 178]
[103, 191, 178]
[103, 191, 178]
[103, 191, 178]
[103, 191, 178]
[103, 191, 178]
[103, 191, 178]
[99, 191, 178]
[99, 191, 176]
[99, 191, 169]
[99, 191, 160]
[99, 191, 158]
[99, 191, 159]
[99, 191, 160]
[99, 191, 153]
[99, 191, 152]
[99, 191, 151]
[99, 191, 152]
[99, 191, 152]
[99, 191, 149]
[99, 191, 146]
[99, 191, 143]
[99, 191, 143]
[99, 191, 145]
[99, 191, 145]
[99, 191, 139]
[99, 191, 137]
[99, 191, 137]
[99, 191, 138]
[99, 191, 138]
[99, 191, 135]
[99, 191, 132]
[99, 191, 128]
[99, 191, 127]
[99, 191, 128]
[99, 191, 127]
[99, 191, 120]
[99, 191, 116]
[99, 191, 113]
[99, 191, 113]
[99, 191, 113]
[99, 191, 108]
[99, 191, 102]
[99, 191, 99]
[99, 191, 99]
[99, 191, 100]
[99, 191, 93]
[99, 191, 94]
[99, 191, 95]
[99, 191, 92]
[99, 191, 93]
[99, 191, 93]
[99, 191, 92]
[99, 191, 92]
[99, 191, 92]
[99, 191, 92]
[99, 191, 92]
[99, 191, 92]
[99, 191, 92]
[99, 191, 92]
[99, 191, 92]
[99, 194, 92]
[99, 194, 93]
[99, 194, 93]
[99, 194, 93]
[99, 194, 93]
[99, 194, 93]
[99, 194, 93]
[99, 194, 93]
[99, 199, 93]
[99, 199, 93]
[99, 199, 93]
[99, 199, 93]
[99, 199, 93]
[99, 199, 93]
[99, 199, 93]
[99, 202, 92]
[99, 202, 92]
[99, 202, 92]
[99, 202, 92]
[99, 202, 92]
[99, 202, 92]
[99, 204, 92]
[99, 204, 92]
[99, 204, 92]
[99, 204, 92]
[99, 204, 92]
[99, 204, 92]
[99, 204, 92]
[99, 204, 92]
[99, 203, 92]
[99, 203, 95]
[99, 203, 106]
[99, 203, 110]
[99, 203, 113]
[99, 203, 112]
[99, 203, 112]
[99, 203, 115]
[99, 203, 120]
[99, 203, 121]
[99, 203, 122]
[99, 203, 120]
[99, 203, 120]
[99, 203, 126]
[99, 203, 127]
[99, 203, 128]
[99, 203, 129]
[99, 203, 128]
[99, 203, 128]
[99, 203, 133]
[99, 203, 135]
[99, 203, 134]
[99, 203, 134]
[99, 203, 139]
[99, 203, 138]
[99, 203, 138]
[99, 203, 142]
[99, 203, 141]
[99, 203, 141]
[99, 203, 142]
[99, 203, 141]
[99, 203, 143]
[99, 203, 142]
[99, 203, 142]
[99, 203, 143]
[99, 203, 142]
[99, 203, 143]
[99, 203, 143]
[99, 203, 143]
[99, 203, 143]
[99, 203, 143]
[99, 203, 143]
[99, 203, 142]
[99, 203, 142]
[99, 203, 145]
[99, 203, 144]
[99, 203, 140]
[99, 203, 140]
[99, 203, 142]
[99, 203, 145]
[99, 203, 146]
[99, 203, 140]
[99, 203, 140]
[67, 227, 142]
[67, 227, 143]
[67, 227, 142]
[67, 227, 142]
[67, 227, 142]
[67, 227, 142]
[67, 227, 142]
[67, 227, 142]
[67, 227, 142]
[67, 227, 142]
[67, 227, 142]
[67, 227, 142]
[67, 227, 142]
[67, 227, 142]
[67, 227, 142]
[67, 227, 142]
[67, 227, 143]
[67, 227, 141]
[67, 227, 140]
[67, 227, 143]
[67, 227, 144]
[67, 227, 139]
[67, 227, 138]
[67, 227, 139]
[67, 227, 144]
[99, 202, 147]
[99, 202, 152]
[99, 202, 159]
[99, 202, 161]
[99, 202, 160]
[99, 202, 165]
[99, 202, 168]
[99, 202, 167]
[99, 202, 166]
[99, 202, 169]
[99, 202, 171]
[99, 202, 172]
[99, 202, 171]
[99, 202, 175]
[99, 202, 176]
[99, 202, 175]
[99, 202, 175]
[99, 202, 177]
[99, 202, 176]
[99, 202, 177]
[99, 202, 177]
[99, 202, 177]
[99, 202, 178]
[99, 202, 177]
[99, 202, 178]
[99, 202, 178]
[99, 202, 178]
[99, 202, 178]
[99, 202, 178]
[99, 202, 178]
[99, 202, 178]
[99, 202, 178]
[99, 202, 178]
[99, 202, 178]
[99, 202, 175]
[99, 202, 162]
[99, 202, 157]
[99, 202, 154]
[99, 202, 154]
[99, 202, 154]
[99, 202, 148]
[99, 202, 145]
[99, 202, 139]
[99, 202, 140]
[99, 202, 141]
[99, 202, 137]
[99, 202, 134]
[99, 202, 129]
[99, 202, 127]
[99, 202, 128]
[99, 202, 129]
[99, 202, 125]
[99, 202, 120]
[99, 202, 119]
[99, 202, 120]
[99, 202, 121]
[99, 202, 116]
[99, 202, 114]
[99, 202, 109]
[99, 202, 108]
[99, 202, 110]
[99, 202, 109]
[99, 202, 104]
[99, 202, 101]
[99, 202, 98]
[99, 202, 99]
[99, 202, 98]
[99, 202, 94]
[99, 202, 95]
[99, 202, 95]
[99, 202, 93]
[99, 202, 93]
[99, 202, 93]
[99, 202, 92]
[99, 202, 93]
[99, 202, 92]
[99, 202, 92]
[99, 202, 92]
[99, 202, 92]
[99, 202, 92]
[99, 202, 92]
[99, 202, 92]
[99, 202, 92]
[99, 202, 92]
[99, 202, 92]
[99, 211, 92]
[99, 211, 88]
[99, 211, 85]
[99, 211, 79]
[99, 211, 77]
[99, 211, 79]
[99, 211, 78]
[99, 211, 70]
[99, 211, 67]
[99, 211, 64]
[99, 211, 63]
[99, 211, 64]
[99, 211, 63]
[99, 211, 56]
[99, 211, 53]
[99, 211, 53]
[99, 211, 53]
[99, 211, 51]
[99, 211, 49]
[99, 211, 49]
[99, 211, 47]
[99, 211, 48]
[99, 211, 46]
[99, 211, 47]
[99, 211, 47]
[99, 211, 47]
[99, 211, 47]
[99, 211, 47]
[99, 211, 47]
[99, 211, 44]
[99, 211, 45]
[99, 211, 46]
[99, 211, 45]
[99, 211, 44]
[99, 211, 44]
[99, 211, 41]
[99, 211, 42]
[99, 211, 42]
[99, 211, 39]
[99, 211, 40]
[99, 211, 40]
[99, 211, 37]
[99, 211, 38]
[99, 211, 38]
[99, 211, 35]
[99, 211, 36]
[99, 211, 35]
[99, 211, 34]
[99, 211, 34]
[99, 211, 31]
[99, 211, 32]
[99, 211, 32]
[99, 211, 29]
[99, 211, 30]
[99, 211, 27]
[99, 211, 28]
[99, 211, 26]
[99, 211, 27]
[99, 211, 25]
[99, 211, 25]
[99, 211, 23]
[99, 211, 23]
[99, 211, 21]
[99, 211, 22]
[99, 211, 22]
[99, 211, 19]
[99, 211, 20]
[99, 211, 17]
[99, 211, 18]
[99, 211, 18]
[99, 211, 15]
[99, 211, 16]
[99, 211, 13]
[99, 211, 14]
[99, 211, 14]
[99, 211, 11]
[99, 211, 12]
[99, 211, 12]
[99, 211, 10]
[99, 211, 10]
[99, 211, 7]
[99, 211, 9]
[99, 211, 9]
[99, 211, 8]
[99, 211, 7]
[99, 211, 7]
[99, 211, 7]
[99, 211, 4]
[99, 211, 5]
[99, 211, 4]
[99, 211, 2]
[99, 211, 3]
[99, 211, 4]
[99, 211, 0]
[99, 211, 2]
[99, 211, 0]
[99, 211, 0]
[99, 211, 0]
[99, 211, 358]
[99, 211, 357]
[99, 211, 358]
[99, 211, 356]
[99, 211, 355]
[99, 211, 356]
[99, 211, 356]
[99, 211, 353]
[99, 211, 354]
[99, 211, 354]
[99, 211, 351]
[99, 211, 352]
[99, 211, 349]
[99, 211, 350]
[99, 211, 350]
[99, 211, 347]
[99, 211, 348]
[99, 211, 349]
[99, 211, 347]
[99, 211, 347]
[99, 211, 345]
[99, 211, 346]
[99, 211, 343]
[99, 211, 344]
[99, 211, 344]
[99, 211, 343]
[99, 211, 343]
[99, 211, 340]
[99, 211, 341]
[99, 211, 341]
[99, 211, 339]
[99, 211, 339]
[99, 211, 336]
[99, 211, 337]
[99, 211, 334]
[99, 211, 335]
[99, 211, 335]
[99, 211, 334]
[99, 211, 334]
[99, 211, 331]
[99, 211, 332]
[99, 211, 331]
[99, 211, 330]
[99, 211, 329]
[99, 211, 327]
[99, 211, 328]
[99, 211, 327]
[99, 211, 326]
[99, 211, 326]
[99, 211, 323]
[99, 211, 325]
[99, 211, 322]
[99, 211, 323]
[99, 211, 321]
[99, 211, 322]
[99, 211, 320]
[99, 211, 320]
[99, 211, 320]
[99, 211, 318]
[99, 211, 319]
[99, 211, 316]
[99, 211, 317]
[99, 211, 317]
[99, 211, 314]
[99, 211, 315]
[99, 211, 315]
[99, 211, 313]
[99, 211, 313]
[99, 211, 310]
[99, 211, 311]
[99, 211, 311]
[99, 211, 310]
[99, 211, 310]
[99, 211, 307]
[99, 211, 309]
[99, 211, 309]
[99, 211, 307]
[99, 211, 308]
[99, 211, 305]
[99, 211, 306]
[99, 211, 306]
[99, 211, 304]
[99, 211, 305]
[99, 211, 302]
[99, 211, 303]
[99, 211, 303]
[99, 211, 300]
[99, 211, 301]
[99, 211, 300]
[99, 211, 299]
[99, 211, 299]
[99, 211, 296]
[99, 211, 297]
[99, 211, 295]
[99, 211, 293]
[99, 211, 294]
[99, 211, 293]
[99, 211, 292]
[99, 211, 293]
[99, 211, 291]
[99, 211, 291]
[99, 211, 291]
[99, 211, 288]
[99, 211, 289]
[99, 211, 286]
[99, 211, 286]
[99, 211, 287]
[99, 211, 287]
[99, 211, 287]
[99, 211, 287]
[99, 211, 287]
[99, 211, 287]
[99, 211, 287]
[99, 211, 287]
[99, 211, 287]
[99, 211, 287]
[99, 211, 287]
[99, 211, 287]
[99, 211, 287]
[99, 211, 287]
[99, 211, 287]
[99, 211, 287]
[99, 211, 287]
[99, 211, 287]
[99, 211, 286]
[99, 211, 286]
[99, 211, 285]
[99, 211, 286]
[99, 211, 286]
[99, 211, 285]
[99, 211, 286]
[99, 211, 285]
[99, 211, 285]
[99, 211, 285]
[99, 211, 285]
[99, 211, 285]
[99, 211, 285]
[99, 211, 284]
[99, 211, 284]
[99, 211, 284]
[99, 211, 283]
[99, 211, 284]
[99, 211, 283]
[99, 211, 284]
[99, 211, 284]
[99, 211, 282]
[99, 211, 283]
[99, 211, 282]
[99, 211, 282]
[99, 211, 282]
[99, 211, 281]
[99, 211, 282]
[99, 211, 282]
[99, 211, 281]
[99, 211, 281]
[99, 211, 280]
[99, 211, 281]
[99, 211, 281]
[99, 211, 279]
[99, 211, 280]
[99, 211, 281]
[99, 211, 279]
[99, 211, 280]
[99, 211, 280]
[99, 211, 280]
[99, 211, 280]
[99, 211, 280]
[99, 211, 279]
[99, 211, 279]
[99, 211, 278]
[99, 211, 279]
[99, 211, 279]
[99, 211, 277]
[99, 211, 278]
[99, 211, 279]
[99, 211, 277]
[99, 211, 274]
[99, 211, 279]
[102, 192, 282]
[102, 192, 281]
[102, 192, 281]
[102, 192, 282]
[102, 192, 279]
[102, 192, 279]
[102, 192, 279]
[102, 192, 278]
[102, 192, 278]
[102, 192, 278]
[102, 192, 278]
[102, 192, 278]
[102, 192, 276]
[102, 192, 277]
[102, 192, 277]
[102, 192, 277]
[102, 192, 277]
[102, 192, 276]
[102, 192, 277]
[102, 192, 277]
[102, 192, 276]
[102, 192, 283]
[102, 192, 281]
[104, 177, 275]
[104, 177, 272]
[104, 177, 273]
[104, 175, 273]
[104, 175, 273]
[104, 175, 273]
[104, 173, 273]
[104, 173, 273]
[104, 171, 273]
[104, 171, 273]
[104, 171, 273]
[104, 171, 271]
[104, 171, 271]
[104, 169, 271]
[104, 169, 272]
[104, 169, 272]
[104, 167, 272]
[104, 167, 272]
[104, 167, 271]
[104, 165, 271]
[104, 165, 271]
[104, 163, 271]
[104, 163, 271]
[104, 163, 271]
[104, 163, 270]
[104, 163, 269]
[104, 163, 269]
[104, 161, 270]
[104, 161, 270]
[104, 161, 270]
[104, 161, 270]
[104, 161, 270]
[104, 156, 270]
[104, 156, 270]
[104, 156, 270]
[104, 156, 270]
[104, 156, 270]
[104, 156, 270]
[104, 156, 270]
[104, 156, 270]
[104, 156, 270]
[104, 156, 270]
[104, 156, 270]
[104, 156, 270]
[104, 156, 270]
[104, 156, 270]
[104, 156, 270]
[104, 156, 265]
[104, 156, 255]
[104, 156, 251]
[104, 156, 250]
[104, 156, 250]
[104, 156, 250]
[104, 156, 246]
[104, 156, 243]
[104, 156, 239]
[104, 156, 238]
[104, 156, 239]
[104, 156, 238]
[104, 156, 232]
[104, 156, 230]
[104, 156, 228]
[104, 156, 228]
[104, 156, 228]
[104, 156, 227]
[104, 156, 221]
[104, 156, 219]
[104, 156, 217]
[104, 156, 219]
[104, 156, 216]
[104, 156, 213]
[104, 156, 211]
[104, 156, 212]
[104, 156, 213]
[104, 156, 210]
[104, 156, 207]
[104, 156, 206]
[104, 156, 208]
[104, 156, 208]
[104, 156, 204]
[104, 156, 200]
[104, 156, 200]
[104, 156, 201]
[104, 156, 198]
[104, 156, 193]
[104, 156, 190]
[104, 156, 192]
[104, 156, 192]
[104, 156, 188]
[104, 156, 186]
[104, 156, 186]
[104, 156, 188]
[104, 156, 188]
[104, 156, 184]
[104, 156, 182]
[104, 156, 181]
[104, 156, 181]
[104, 156, 182]
[104, 156, 181]
[104, 156, 178]
[104, 156, 174]
[104, 156, 174]
[104, 156, 175]
[104, 156, 175]
[104, 156, 170]
[104, 156, 168]
[104, 156, 167]
[104, 156, 168]
[104, 156, 168]
[104, 156, 166]
[104, 156, 164]
[104, 156, 162]
[104, 156, 162]
[104, 156, 164]
[104, 156, 164]
[104, 156, 161]
[104, 156, 157]
[104, 156, 156]
[104, 156, 156]
[104, 156, 157]
[104, 156, 156]
[104, 156, 153]
[104, 156, 150]
[104, 156, 152]
[104, 156, 152]
[104, 156, 148]
[104, 156, 146]
[104, 156, 148]
[104, 156, 148]
[104, 156, 144]
[104, 156, 145]
[104, 156, 145]
[104, 156, 143]
[104, 156, 144]
[104, 156, 142]
[104, 156, 143]
[104, 156, 143]
[104, 156, 142]
[104, 156, 143]
[104, 156, 142]
[104, 156, 143]
[104, 156, 143]
[104, 156, 143]
[104, 156, 143]
[104, 156, 143]
[104, 156, 142]
[104, 156, 143]
[104, 156, 143]
[104, 156, 142]
[104, 156, 143]
[104, 156, 143]
[104, 156, 142]
[104, 156, 142]
[104, 156, 142]
[104, 156, 142]
[104, 156, 142]
[104, 156, 142]
[104, 156, 142]
[104, 156, 142]
[104, 156, 142]
[104, 156, 142]
[104, 156, 142]
[104, 156, 142]
[104, 156, 142]
[104, 156, 142]
[104, 156, 142]
[104, 156, 143]
[104, 156, 143]
[104, 156, 139]
[104, 156, 137]
[104, 156, 141]
[104, 156, 143]
[104, 156, 142]
[104, 156, 137]
[104, 156, 139]
[104, 156, 143]
[104, 156, 144]
[104, 156, 140]
[104, 156, 138]
[104, 156, 139]
[104, 156, 141]
[104, 156, 145]
[104, 156, 143]
[104, 156, 139]
[104, 156, 143]
[104, 156, 145]
[104, 156, 144]
[48, 200, 139]
[48, 200, 136]
[48, 200, 148]
[48, 200, 156]
[48, 200, 158]
[48, 200, 156]
[48, 200, 157]
[48, 200, 162]
[48, 200, 165]
[48, 200, 166]
[48, 200, 166]
[48, 200, 166]
[48, 200, 167]
[48, 200, 172]
[48, 200, 172]
[48, 200, 171]
[48, 200, 171]
[48, 200, 173]
[48, 200, 174]
[48, 200, 174]
[48, 200, 177]
[48, 200, 176]
[48, 200, 176]
[48, 200, 178]
[48, 200, 177]
[48, 200, 177]
[48, 200, 177]
[48, 200, 177]
[48, 200, 177]
[48, 200, 177]
[48, 200, 178]
[48, 200, 178]
[48, 200, 178]
[48, 200, 178]
[48, 200, 178]
[48, 200, 178]
[48, 200, 178]
[48, 200, 178]
[48, 200, 178]
[48, 200, 178]
[46, 200, 177]
[46, 200, 176]
[46, 200, 176]
[46, 200, 176]
[46, 200, 176]
[46, 200, 176]
[46, 200, 176]
[46, 200, 176]
[46, 200, 176]
[46, 200, 176]
[98, 200, 176]
[98, 200, 172]
[98, 200, 162]
[98, 200, 159]
[98, 200, 158]
[98, 200, 159]
[98, 200, 159]
[98, 200, 156]
[98, 200, 152]
[98, 200, 152]
[98, 200, 154]
[98, 200, 154]
[98, 200, 150]
[98, 200, 149]
[98, 200, 148]
[98, 200, 148]
[98, 200, 149]
[98, 200, 149]
[98, 200, 146]
[98, 200, 144]
[98, 200, 143]
[98, 200, 143]
[98, 200, 144]
[98, 200, 142]
[98, 200, 137]
[98, 200, 135]
[98, 200, 136]
[98, 200, 136]
[98, 200, 135]
[98, 200, 132]
[98, 200, 130]
[98, 200, 130]
[98, 200, 131]
[98, 200, 132]
[98, 200, 130]
[98, 200, 127]
[98, 200, 126]
[98, 200, 126]
[98, 200, 128]
[98, 200, 128]
[98, 200, 126]
[98, 200, 122]
[98, 200, 121]
[98, 200, 121]
[98, 200, 122]
[98, 200, 122]
[98, 200, 117]
[98, 200, 116]
[98, 200, 115]
[98, 200, 117]
[98, 200, 117]
[98, 200, 114]
[98, 200, 111]
[98, 200, 109]
[98, 200, 110]
[98, 200, 111]
[98, 200, 111]
[98, 200, 105]
[98, 200, 103]
[98, 200, 102]
[98, 200, 103]
[98, 200, 99]
[98, 200, 96]
[98, 200, 97]
[98, 200, 97]
[98, 200, 93]
[98, 200, 94]
[98, 200, 94]
[98, 200, 92]
[98, 200, 93]
[98, 200, 92]
[98, 200, 93]
[98, 200, 91]
[98, 200, 92]
[98, 200, 92]
[98, 200, 92]
[98, 200, 92]
[98, 200, 92]
[98, 200, 92]
[98, 200, 92]
[98, 200, 92]
[98, 203, 92]
[98, 203, 92]
[98, 203, 92]
[98, 203, 92]
[98, 203, 92]
[98, 203, 92]
[98, 205, 92]
[98, 205, 91]
[98, 205, 91]
[98, 205, 91]
[98, 205, 91]
[98, 205, 91]
[98, 207, 91]
[98, 207, 91]
[98, 207, 91]
[98, 207, 91]
[98, 207, 91]
[98, 207, 91]
[98, 207, 91]
[98, 207, 91]
[98, 207, 91]
[98, 207, 100]
[98, 207, 107]
[98, 207, 108]
[98, 207, 108]
[98, 207, 110]
[98, 207, 113]
[98, 207, 115]
[98, 207, 117]
[98, 207, 117]
[98, 207, 117]
[98, 207, 117]
[98, 207, 122]
[98, 207, 124]
[98, 207, 125]
[98, 207, 124]
[98, 207, 125]
[98, 207, 128]
[98, 207, 130]
[98, 207, 129]
[98, 207, 130]
[98, 207, 133]
[98, 207, 133]
[98, 207, 133]
[98, 207, 133]
[98, 207, 136]
[98, 207, 135]
[98, 207, 137]
[98, 207, 137]
[98, 207, 136]
[98, 207, 138]
[98, 207, 137]
[98, 207, 138]
[98, 207, 137]
[98, 207, 138]
[98, 207, 137]
[98, 207, 138]
[98, 207, 138]
[98, 207, 138]
[98, 207, 138]
[98, 207, 138]
[98, 207, 138]
[98, 207, 138]
[98, 207, 136]
[98, 207, 138]
[98, 207, 140]
[98, 207, 137]
[98, 207, 134]
[98, 207, 138]
[98, 207, 139]
[98, 207, 139]
[98, 207, 136]
[98, 207, 134]
[98, 207, 136]
[98, 207, 138]
[98, 207, 139]
[68, 234, 140]
[68, 234, 137]
[68, 234, 137]
[68, 234, 137]
[68, 234, 137]
[68, 234, 137]
[68, 234, 137]
[68, 234, 137]
[68, 234, 137]
[68, 234, 137]
[68, 234, 137]
[68, 234, 137]
[68, 234, 137]
[68, 234, 138]
[68, 234, 137]
[68, 234, 135]
[68, 234, 138]
[68, 234, 139]
[68, 234, 135]
[97, 206, 134]
[97, 206, 136]
[97, 206, 148]
[97, 206, 152]
[97, 206, 152]
[97, 206, 151]
[97, 206, 152]
[97, 206, 157]
[97, 206, 159]
[97, 206, 159]
[97, 206, 158]
[97, 206, 160]
[97, 206, 166]
[97, 206, 166]
[97, 206, 165]
[97, 206, 165]
[97, 206, 170]
[97, 206, 170]
[97, 206, 170]
[97, 206, 174]
[97, 206, 174]
[97, 206, 174]
[97, 206, 177]
[97, 206, 176]
[97, 206, 178]
[97, 206, 177]
[97, 206, 178]
[97, 206, 177]
[97, 206, 179]
[97, 206, 178]
[97, 206, 178]
[97, 206, 178]
[97, 206, 178]
[97, 206, 178]
[97, 206, 178]
[97, 206, 178]
[97, 206, 178]
[104, 206, 178]
[104, 206, 170]
[104, 206, 163]
[104, 206, 158]
[104, 206, 153]
[104, 206, 153]
[104, 206, 152]
[104, 206, 148]
[104, 206, 143]
[104, 206, 141]
[104, 206, 141]
[104, 206, 141]
[104, 206, 139]
[104, 206, 132]
[104, 206, 126]
[104, 206, 127]
[104, 206, 128]
[104, 206, 125]
[104, 206, 121]
[104, 206, 115]
[104, 206, 114]
[104, 206, 115]
[104, 206, 115]
[104, 206, 112]
[104, 206, 109]
[104, 206, 109]
[104, 206, 109]
[104, 206, 111]
[104, 206, 111]
[104, 206, 107]
[104, 206, 105]
[104, 206, 105]
[104, 206, 106]
[104, 206, 106]
[104, 206, 103]
[104, 206, 100]
[104, 206, 101]
[104, 206, 101]
[104, 206, 98]
[104, 206, 95]
[104, 206, 95]
[104, 206, 96]
[104, 206, 94]
[104, 206, 93]
[104, 206, 94]
[104, 206, 92]
[104, 206, 93]
[104, 206, 93]
[104, 206, 92]
[104, 206, 93]
[104, 206, 92]
[104, 206, 93]
[104, 206, 93]
[104, 206, 92]
[104, 206, 92]
[104, 206, 92]
[104, 206, 92]
[104, 206, 92]
[104, 206, 92]
[104, 206, 92]
[104, 206, 92]
[104, 206, 92]
[104, 210, 92]
[104, 210, 92]
[104, 210, 92]
[104, 210, 92]
[104, 210, 92]
[104, 210, 92]
[104, 210, 92]
[104, 210, 92]
[104, 210, 92]
[104, 210, 92]
[104, 210, 92]
[104, 210, 92]
[104, 210, 92]
[104, 210, 92]
[104, 210, 92]
[104, 210, 92]
[104, 210, 92]
[104, 210, 92]
[104, 210, 92]
[104, 210, 92]
[104, 210, 92]
[104, 210, 92]
[104, 210, 92]
[104, 210, 92]
[104, 210, 92]
[104, 210, 92]
[104, 210, 92]
[104, 210, 92]
[104, 210, 92]
[104, 210, 92]
[104, 210, 92]
[104, 210, 92]
[104, 210, 92]
[104, 210, 92]
[104, 210, 92]
[104, 210, 92]
[104, 210, 92]
[104, 210, 92]
[104, 210, 92]
[104, 210, 92]
[104, 210, 92]
[104, 210, 92]
[104, 210, 92]
[104, 210, 92]
[104, 210, 92]
[104, 210, 92]
[104, 210, 92]
[104, 210, 92]
[104, 210, 92]
[104, 210, 92]
[104, 210, 92]
[104, 210, 92]
[104, 210, 92]
[104, 210, 92]
[104, 210, 92]
[104, 210, 92]
[104, 210, 92]
[104, 210, 92]
[104, 210, 92]
[104, 210, 92]
[104, 210, 92]
[104, 210, 92]
[104, 210, 92]
[104, 210, 92]
[104, 210, 92]
[104, 210, 92]
[104, 210, 92]
[104, 210, 92]
[104, 210, 92]
[104, 210, 92]
[104, 210, 92]
[104, 210, 92]
[104, 210, 92]
[104, 210, 92]
[104, 210, 92]
[104, 210, 92]
[104, 210, 92]
[104, 210, 92]
[104, 210, 92]
[104, 210, 92]
[104, 210, 92]
[104, 210, 92]
[104, 210, 92]
[104, 210, 92]
[104, 210, 92]
[104, 210, 92]
[104, 210, 92]
[104, 210, 92]
[104, 210, 92]
[104, 210, 92]
[104, 210, 92]
[104, 210, 92]
[104, 210, 92]
[104, 210, 92]
[104, 210, 92]
[104, 210, 92]
[104, 210, 92]
[104, 210, 92]
[104, 210, 92]
[104, 210, 92]
[104, 210, 92]
[104, 210, 92]
[104, 210, 92]
[104, 210, 92]
[104, 210, 92]
[104, 210, 92]
[104, 210, 92]
[104, 210, 92]
[104, 210, 92]
[104, 210, 92]
[104, 210, 92]
[104, 210, 92]
[104, 210, 92]
[104, 210, 92]
[104, 210, 92]
[104, 210, 92]
[104, 210, 92]
[104, 210, 92]
[104, 210, 92]
[104, 210, 92]
[104, 210, 92]
[104, 210, 92]
[104, 210, 92]
[104, 210, 92]
[104, 210, 92]
[104, 210, 92]
[104, 210, 92]
[104, 210, 92]
[104, 210, 92]
[104, 210, 92]
[104, 210, 92]
[104, 210, 92]
[104, 210, 92]
[104, 210, 92]
[104, 210, 92]
[104, 210, 92]
[104, 210, 92]
[104, 210, 92]
[104, 210, 92]
[104, 210, 92]
[104, 210, 92]
[104, 210, 92]
[104, 210, 92]
[104, 210, 92]
[104, 210, 92]
[104, 210, 92]
[104, 210, 92]
[104, 210, 92]
[104, 210, 92]
[104, 210, 92]
[104, 210, 92]
[104, 210, 92]
[104, 210, 92]
[104, 210, 92]
[104, 210, 92]
[104, 210, 92]
[104, 210, 92]
[104, 210, 92]
[104, 210, 92]
[104, 210, 92]
[104, 210, 92]
[104, 210, 92]
[104, 210, 92]
[104, 210, 92]
[104, 210, 92]
[104, 210, 92]
[104, 210, 92]
[104, 210, 92]
[104, 210, 92]
[104, 210, 92]
[104, 210, 92]
[104, 210, 92]
[104, 210, 92]
[104, 210, 92]
[104, 210, 92]
[104, 210, 92]
